3 2
1 2
3 1
6 8
1 2
1 3
1 4
2 3
2 4
3 4
4 5
5 6
8 12
1 2
1 6
1 8
2 3
2 6
3 4
3 5
4 5
4 7
5 6
6 7
6 8
29 91
20 25
28 19
13 10
23 1
2 25
2 19
26 8
1 2
17 16
9 13
3 12
14 1
4 16
28 6
26 9
4 3
22 8
17 23
15 26
13 10
21 16
24 7
8 9
25 16
21 25
7 4
25 23
1 12
17 28
7 29
23 5
4 3
25 7
24 13
14 11
18 29
6 26
6 12
20 13
8 1
25 11
4 6
17 20
11 26
17 26
22 17
11 10
9 18
1 28
9 24
23 6
3 18
22 28
4 8
29 12
22 3
9 24
14 17
13 25
13 24
4 29
2 6
23 6
4 2
17 15
20 4
22 11
1 14
13 14
17 4
7 12
27 9
17 15
2 12
27 22
13 15
12 22
28 14
7 26
11 23
27 24
26 22
28 19
24 26
22 11
15 11
11 28
5 12
15 27
11 27
4 13
16 16
1 2
1 3
2 4
2 5
3 6
3 7
4 8
4 9
5 10
5 11
6 12
6 13
7 14
7 15
8 16
16 1
34 34
1 2
2 3
3 4
4 5
5 6
6 7
7 8
8 9
9 10
10 11
11 12
12 13
13 14
14 15
15 16
16 17
17 18
18 19
19 20
20 21
21 22
22 23
23 24
24 25
25 26
26 27
27 28
28 29
29 30
30 31
31 32
32 33
33 34
34 1
0 0
